96.3000
   96.7000
   96.9000
   97.0000
   97.1000
   97.1000
   97.1000
   97.2000
   97.3000
   97.4000
   97.4000
   97.4000
   97.4000
   97.5000
   97.5000
   97.6000
   97.6000
   97.6000
   97.7000
   97.8000
   97.8000
   97.8000
   97.8000
   97.9000
   97.9000
   98.0000
   98.0000
   98.0000
   98.0000
   98.0000
   98.0000
   98.1000
   98.1000
   98.2000
   98.2000
   98.2000
   98.2000
   98.3000
   98.3000
   98.4000
   98.4000
   98.4000
   98.4000
   98.5000
   98.5000
   98.6000
   98.6000
   98.6000
   98.6000
   98.6000
   98.6000
   98.7000
   98.7000
   98.8000
   98.8000
   98.8000
   98.9000
   99.0000
   99.0000
   99.0000
   99.1000
   99.2000
   99.3000
   99.4000
   99.5000
   96.4000
   96.7000
   96.8000
   97.2000
   97.2000
   97.4000
   97.6000
   97.7000
   97.7000
   97.8000
   97.8000
   97.8000
   97.9000
   97.9000
   97.9000
   98.0000
   98.0000
   98.0000
   98.0000
   98.0000
   98.1000
   98.2000
   98.2000
   98.2000
   98.2000
   98.2000
   98.2000
   98.3000
   98.3000
   98.3000
   98.4000
   98.4000
   98.4000
   98.4000
   98.4000
   98.5000
   98.6000
   98.6000
   98.6000
   98.6000
   98.7000
   98.7000
   98.7000
   98.7000
   98.7000
   98.7000
   98.8000
   98.8000
   98.8000
   98.8000
   98.8000
   98.8000
   98.8000
   98.9000
   99.0000
   99.0000
   99.1000
   99.1000
   99.2000
   99.2000
   99.3000
   99.4000
   99.9000
  100.0000
  100.8000